Collisions = 377
6]
[]
[0.00921357]
[0.0123987,0.0142756]
[]
[0.0223927]
[]
[0.0271601,0.0277894,0.0278622,0.0286118,0.0288359,0.0289627]
[0.0314425,0.0314888]
[]
[0.0374979]
[]
[]
[]
[0.046328]
[0.0502469,0.0509544]
[]
[0.0537129,0.0547459]
[0.0562584]
[]
[0.0607784]
[0.0624513]
[]
[]
[0.0681212,0.0689066]
[]
[0.0716769]
[0.0730709,0.0746243]
[]
[0.0778502]
[0.079635,0.0802735,0.0805486]
[0.0819497]
[0.0848308,0.0853655]
[]
[0.0908865]
[0.0921402]
[]
[0.096234]
[0.100431,0.100766]
[0.101671]
[]
[0.10793]
[0.110186]
[0.112522]
[0.116267]
[0.117908,0.119288]
[0.120717,0.121581]
[]
[0.126777]
[0.129321]
[0.131616]
[0.133748,0.134756]
[0.13721]
[]
[0.140281,0.140428,0.140817]
[0.144549]
[0.147486]
[]
[0.15072]
[0.155018]
[]
[0.159368]
[0.16194]
[0.165142]
[0.168642,0.168802]
[0.172467]
[0.176812]
[]
[]
[0.184554]
[0.189512]
[]
[]
[0.19762,0.198011,0.198855]
[]
[0.206015,0.206272,0.206654,0.207011]
[0.210486]
[0.212419,0.213196]
[0.215144,0.216026,0.216202,0.21787]
[0.21866]
[0.221739,0.223195,0.224097]
[0.225624]
[]
[0.234101,0.234783]
[0.235761,0.238133]
[0.239147]
[0.243866]
[]
[]
[0.252072,0.254296]
[]
[]
[]
[0.26597]
[]
[]
[0.27673,0.277309]
[0.280124,0.280348,0.282183]
[0.284572]
[]
[]
[]
[0.296371]
[0.299685]
[]
[0.307068,0.30771,0.308696]
[]
[]
[0.317764]
[0.32034]
[]
[]
[]
[0.33651]
[0.339786]
[]
[0.346653]
[]
[]
[0.355663,0.355906]
[0.357194,0.357912,0.358435]
[0.361158,0.361844,0.363136]
[0.366295]
[0.367322,0.369814]
[]
[0.375558,0.375643,0.376126]
[0.377534,0.378176,0.378465]
[]
[]
[]
[]
[0.396775,0.397839,0.398133,0.398256,0.399253]
[]
[0.403777,0.405982]
[]
[0.410546]
[]
[]
[]
[]
[0.429614,0.431635]
[0.433872,0.436182]
[0.437564]
[]
[0.444355]
[0.448294,0.448873]
[0.451346,0.451874]
[0.457302]
[0.461434]
[0.465308]
[0.46577]
[0.469883,0.470979,0.471631]
[]
[]
[0.481048]
[]
[0.488462,0.488786,0.489733,0.49035]
[]
[0.496783]
[0.501755]
[]
[0.507236]
[]
[0.516736]
[]
[]
[0.526951,0.527855]
[0.531728]
[0.532165,0.533177]
[]
[]
[0.545906]
[0.547719,0.549413,0.549502]
[0.550773]
[]
[0.557949,0.558058,0.559927]
[]
[]
[0.569426]
[]
[0.57674,0.579365]
[0.581041,0.581735,0.582383]
[]
[0.589679]
[]
[0.595152,0.596647]
[0.600073]
[]
[0.607608,0.608344]
[]
[0.612759,0.615554]
[0.616974,0.617722]
[]
[0.626204,0.627234]
[]
[]
[]
[0.640554]
[0.642558,0.645041]
[0.646222,0.648051,0.64874,0.648758]
[0.650926,0.651212]
[0.653545,0.656683]
[]
[0.660419,0.662383]
[0.666778]
[]
[0.671533,0.672604]
[0.675675]
[0.679821,0.681095]
[0.684422,0.684609,0.685046]
[0.686926]
[]
[0.696671,0.696685,0.696909]
[]
[0.701912,0.703805]
[0.704885,0.706941]
[]
[]
[0.71685]
[]
[0.723129,0.723868]
[]
[]
[0.735946]
[0.738706]
[]
[]
[]
[]
[]
[0.761187,0.762627,0.762845]
[]
[0.76796]
[]
[0.776051,0.776794]
[0.778756,0.781359]
[]
[]
[0.78964,0.79066,0.792462]
[0.793249,0.796179]
[0.797916,0.799941]
[]
[]
[]
[0.812757]
[]
[0.820099]
[0.824591]
[0.828922]
[]
[0.834987]
[]
[0.844145]
[0.845403,0.848417,0.84867]
[0.85146,0.853202,0.853504]
[]
[0.860296]
[0.862914,0.863814]
[]
[0.871903]
[0.8746]
[]
[]
[]
[0.891376]
[0.895857]
[0.901862]
[]
[0.907698]
[]
[]
[0.919743]
[0.92448,0.926246,0.927523]
[0.927934,0.930812]
[0.932323]
[0.938018]
[0.94193]
[]
[]
[0.953258,0.95349]
[0.959264]
[]
[0.967616]
[]
[0.973588,0.974893]
[0.978671,0.979958]
[0.981234,0.983215,0.984614]
[0.985658,0.986927,0.98923]
[]
[0.996502]
[1.00012]
[1.00259,1.00343]
[]
[1.01163,1.0131]
[]
[1.02223]
[1.02436]
[1.02804]
[]
[1.03514]
[1.03956]
[1.0441,1.04504]
[1.04705,1.04834,1.04854,1.04925,1.05101]
[1.05452]
[]
[1.06312]
[1.06414]
[1.06893]
[1.07251,1.07531]
[1.07664]
[]
[1.08489,1.08738]
[1.08945]
[1.09402]
[]
[1.10206,1.10214,1.10298]
[1.10604]
[1.10917,1.11016]
[]
[1.11913]
[1.12109]
[1.12701,1.12873]
[]
[1.13659]
[1.13969]
[1.14338]
[]
[]
[1.1557]
[1.15904]
[]
[1.16909]
[1.17448]
[1.17475,1.17521]
[1.18154]
[1.18313]
[1.18695,1.18944]
[1.19485]
[]
[1.19938]
[]
[]
[1.21237]
[1.21739]
[1.22311]
[1.22508]
[]
[]
[]
[]
[1.24601]
[]
[]
[]
[]
[1.26887]
[1.27276]
[1.27436]
[]
[1.28253,1.2841]
[1.28686,1.28817]
[1.29005,1.29195,1.2925]
[1.29419]
[1.29933,1.29988]
[1.30406]
[]
[1.31108]
[1.31652,1.31717,1.31737]
[]
[1.32665]
[1.32922]
[]
[1.33523,1.33588,1.33739]
[1.34324]
[1.34451,1.34651]
[1.34954]
[1.35698]
[1.36387]
[1.36648]
[1.37491]
[]
[1.38624,1.38908,1.38926]
[1.39748]
[]
[1.40729,1.41045]
[]
[1.41862,1.41972,1.42233]
[1.42633]
[1.43699]
[]
[1.44984,1.45052]
[]
[1.45883]
[1.46662]
[1.47168]
[1.47754]
[1.48455]
[1.49114,1.49147]
[]
[]
[1.5129]
[1.51711]
[1.52588]
[]
[]
[1.5448,1.54778]
[1.55302]
[1.55632]
[1.5636]
[1.56999]
[]
[]
[]
[1.59723]
[1.60107,1.60341]
[1.60896,1.6114]
[1.61484]
[1.62505]
[]
[1.63497]
[]
[]
[1.65388]
[]
[1.67151]
[1.67572,1.67648,1.67866]
[1.6827]
[1.68918]
[1.69273,1.69878]
[]
[1.70806]
[1.71232,1.71703]
[1.71949,1.72001]
[1.72974]
[1.73471,1.73703]
[1.73832,1.73866]
[1.74491,1.74714]
[]
[1.76098,1.76315]
[1.7664,1.76719]
[1.77055,1.77282,1.77536]
[1.77819,1.78094]
[1.784]
[]
[]
[]
[]
[]
[]
[1.82448,1.82652]
[1.83337]
[1.83693,1.83891]
[1.84513]
[1.85399]
[1.85491,1.85599]
[1.86038,1.86234]
[]
[]
[]
[1.88724,1.88788,1.88805]
[1.89518]
[]
[]
[1.91286,1.91354]
[1.91474,1.91743]
[1.92476]
[1.92725]
[]
[]
[1.94731,1.94757,1.94866]
[1.94946,1.95016,1.95264]
[]
[1.95872]
[1.96226,1.96335]
[1.96543]
[1.97171]
[1.97225]
[]
[1.98054]
[1.98733]
[]
[]
[]
[2.00118,2.00122]
[]
[2.00861]
[2.01302]
[2.01888]
[2.02395]
[]
[]
[2.03911]
[2.04066]
[2.04412,2.04498,2.0464,2.04837]
[2.05321]
[]
[]
[2.07413,2.07544]
[2.08005]
[2.08297]
[2.0888,2.09047]
[2.09353]
[]
[2.10056,2.10059]
[]
[]
[]
[2.11258,2.11279,2.11419]
[]
[]
[2.13342]
[]
[2.14482,2.14501,2.14568]
[2.14712,2.14755,2.1519]
[]
[2.16135,2.16247]
[2.16588]
[2.17262]
[2.17455]
[2.18198]
[]
[2.19156]
[]
[]
[]
[2.21053]
[2.2124]
[2.21774,2.21898]
[2.22343,2.22535]
[2.2271]
[2.23285,2.23342]
[2.23794]
[]
[2.25206,2.25317,2.25342]
[]
[2.26394,2.26842]
[]
[2.27727]
[2.28378,2.28817]
[]
[2.30065]
[]
[2.31418]
[2.31977,2.32234]
[2.32574,2.32946]
[]
[]
[]
[2.35806]
[]
[2.36733,2.36851]
[2.37756,2.37763,2.37923]
[2.38529]
[2.39034]
[2.39527,2.39698]
[2.40488,2.40572]
[2.40833]
[]
[2.42753]
[]
[]
[2.44872]
[2.44972,2.45239]
[]
[2.4706]
[2.47674]
[]
[]
[2.50592,2.50624]
[2.51008,2.51348,2.51456]
[]
[2.52831,2.53105,2.53245]
[2.54146]
[2.5474]
[2.5511,2.55624]
[2.56265]
[]
[2.5803]
[]
[2.5948,2.59885]
[]
[]
[2.62131,2.62409]
[]
[2.63755,2.63991]
[2.64631,2.65149]
[2.65755,2.65994]
[2.66897]
[]
[2.68565]
[2.69224]
[]
[2.70508,2.70607]
[]
[2.72864]
[2.73275]
[2.74038,2.74563]
[]
[]
[]
[]
[2.78657,2.78791]
[2.78985]
[]
[]
[]
[]
[]
[2.84295]
[2.85083]
[2.85825,2.86253]
[2.86891,2.87026]
[2.87725,2.87774,2.87976]
[]
[2.89107,2.8942]
[2.89935]
[]
[2.91751]
[2.92647,2.9298]
[2.93514,2.9388,2.94082]
[]
[2.95243,2.95617]
[]
[2.96904,2.97262]
[2.98181,2.98363]
[2.98814]
[2.99666,2.99718]
[3.00826]
[3.02288]
[3.026,3.03166,3.03531]
[3.04311,3.04455,3.04509]
[3.05637]
[3.06363]
[]
[3.08138]
[3.09152]
[3.10047,3.10725]
[]
[3.12434]
[3.13267,3.13677,3.14112]
[]
[3.15593]
[3.171]
[3.18402]
[]
[3.20347,3.20642,3.20648]
[3.21123]
[3.2216,3.22751]
[3.23822,3.23867]
[3.24093]
[]
[]
[]
[]
[]
[3.31021]
[3.31442,3.31537]
[3.3266,3.33442]
[3.34357,3.34631]
[3.34898]
[3.36578]
[3.36927,3.37228,3.37521]
[3.38016]
[3.39252]
[3.40163,3.40551,3.41058]
[3.41249]
[3.4296]
[3.43898]
[]
[]
[]
[]
[3.48587,3.49155,3.49592]
[]
[]
[3.52335]
[]
[3.54908,3.54921]
[]
[3.56621]
[3.57345,3.57913]
[3.59189]
[]
[3.60964]
[]
[]
[3.64229,3.6455]
[]
[3.65983,3.66268]
[]
[3.67946]
[]
[3.7006]
[]
[3.72302,3.72319,3.72781]
[3.73921]
[]
[3.75491]
[3.76802,3.76814,3.7709]
[]
[3.78925,3.79461]
[]
[3.81462]
[3.81943,3.81964]
[3.829]
[]
[]
[]
[3.8741,3.87785,3.88079]
[]
[3.89948]
[3.90292,3.90462,3.90988]
[3.91612,3.91945]
[3.92535,3.93103,3.93143]
[]
[3.94585,3.95037,3.95602]
[]
[]
[3.98201]
[3.98926,3.99756]
[4.00412]
[4.01576]
[4.02288,4.02384,4.03079]
[4.0318]
[4.04383]
[]
[]
[]
[]
[4.10589]
[]
[]
[]
[4.14766]
[]
[4.16146]
[]
[]
[]
[]
[]
[4.23073]
[4.23734,4.24307]
[4.25145]
[4.26355,4.26565]
[4.27506]
[4.27832,4.28025,4.28063]
[]
[]
[4.31383,4.31489]
[4.32369,4.32531]
[4.33577,4.33821,4.33909,4.34106,4.34177,4.34428]
[4.34894]
[]
[4.38574]
[]
[]
[4.42288,4.42634,4.43021]
[4.4429]
[4.45217]
[]
[4.47836,4.47953,4.48096]
[4.4989,4.50353]
[]
[4.52196,4.52453]
[4.53414,4.54486]
[]
[4.56972,4.57661]
[4.5885]
[4.59633,4.60227]
[]
[4.62218]
[]
[]
[4.66584,4.67045,4.67493]
[4.67959]
[]
[]
[]
[4.74691,4.74848]
[]
[]
[]
[]
[4.80983,4.81855]
[4.83256,4.83414]
[4.83951]
[]
[]
[4.8798,4.88806]
[4.9075]
[4.91032,4.91922]
[]
[4.94418]
[]
[4.97108,4.97258,4.97267]
[4.98298,4.99322]
[4.99448,5.00204]
[5.02209]
[5.02462]
[5.04086,5.04467]
[]
[5.07013,5.07357,5.07441,5.0802]
[5.08742]
[5.10077]
[5.11102,5.1147]
[]
[5.14093,5.14825,5.14985]
[5.15466,5.16187]
[5.17532]
[5.19377]
[5.20029]
[5.21009,5.22321]
[5.23124]
[5.24452]
[5.26058]
[5.27055,5.27395,5.27743]
[5.28354]
[]
[]
[5.33231]
[5.33977]
[]
[]
[]
[]
[]
[5.42732,5.42953]
[]
[]
[5.48303]
[]
[5.5021]
[]
[5.53045,5.53804]
[]
[]
[5.58015]
[5.59835]
[]
[]
[5.63034,5.63098]
[5.64964]
[]
[5.67056,5.67083,5.68089]
[]
[5.70266]
[]
[5.72906]
[5.74369]
[5.75791,5.75812]
[5.77405,5.78469]
[]
[5.8064,5.81412]
[5.81769]
[5.83183,5.83669,5.83692,5.84031]
[]
[5.86828]
[]
[5.89287]
[5.91309]
[5.92078,5.9248]
[]
[]
[5.96051]
[5.97598,5.9831]
[]
[6.00336,6.00692]
[6.01983]
[]
[]
[6.07023]
[6.07373]
[]
[]
[6.12364]
[]
[6.19439,6.20585]
[6.22235]
[6.26621,6.26738]
[6.2797,6.28172]
[]
[]
[6.39824]
[6.42218]
[6.45415,6.4633,6.46687]
[6.49318]
[6.52427,6.53144,6.53307]
[]
[6.60189]
[6.62259,6.62965,6.64521]
[]
[]
[]
[6.77976]
[6.81173]
[]
[6.85539,6.8737]
[6.90336]
[6.93935]
[6.96078,6.98587]
[7.00475]
[]
[7.05468]
[]
[]
[]
[7.19519,7.2127]
[7.25574]
[7.27895]
[]
[7.33278]
[7.38433]
[]
[7.44444]
[7.47252]
[]
[7.53092,7.53511]
[7.56766,7.58934]
[7.61184,7.61301]
[]
[]
[7.69844,7.70978]
[7.73929,7.74244]
[7.76708,7.77708,7.78914]
[]
[]
[]
[7.91038,7.92338]
[]
[7.96951]
[8.0111]
[8.0607,8.06299]
[8.09325,8.10213]
[8.1216]
[8.16041,8.1665]
[]
[]
[8.25535]
[8.31616,8.3459]
[]
[]
[]
[8.55409]
[]
[8.66447,8.69956]
[]
[]
[]
[8.9311]
[9.03332]
[9.08262]
[9.13608,9.16062]
[9.18219,9.22187]
[9.26006,9.26319]
[9.32274]
[9.35715,9.36326]
[9.43003,9.44044]
[9.481,9.50788,9.52541]
[9.56252,9.57282]
[9.61031]
[]
[9.73927]
[9.80335,9.83162]
[9.86237]
[]
[]
[10.0993]
[]
[10.2002,10.2857]
[10.3671,10.4511,10.4567]
[10.4827,10.5136,10.6163]
[]
[]
[]
[]
[11.3602,11.4583]
[]
[11.7174]
[11.9015,12.0114]
[12.0854]
[12.3446]
[12.5691]
[]
[]
[13.0088]
[13.1922,13.3641]
[13.4364,13.5502]
[]
[13.9741,14.1116]
[]
[]
[]
[14.9793,15.0419,15.2364]
[]
[15.9179]
[16.0678]
[16.6397]
[19.9913]
[23.31]
