Collisions = 764
2766]
[2773,2775,2775]
[2776]
[]
[]
[2778,2778]
[2779]
[2780]
[2781]
[]
[2783]
[2784]
[2785,2785]
[2786,2786,2786,2786]
[]
[2788]
[]
[2790]
[]
[]
[]
[]
[2795]
[2796,2796]
[2797,2797]
[]
[]
[]
[2801,2801,2801,2801]
[2802,2802]
[2803]
[]
[]
[]
[]
[2807]
[2808,2808]
[]
[]
[2810]
[2811]
[2812]
[2813]
[2814]
[]
[2815]
[2816,2816,2816]
[2817,2817]
[2818,2818]
[]
[2820]
[]
[2821]
[]
[2823,2823,2823]
[2824,2824,2824]
[2825]
[]
[2826]
[2827,2827]
[2828,2828]
[]
[]
[2829]
[]
[]
[2830]
[]
[]
[2831]
[]
[2832,2832,2832,2832]
[]
[]
[2833,2833]
[]
[]
[2834,2834]
[]
[]
[2835,2835]
[]
[]
[2836]
[]
[]
[]
[]
[]
[2838,2838,2838,2838]
[]
[]
[2839,2839,2839,2839,2839]
[]
[2840,2840,2840]
[]
[]
[2841,2841,2841,2841,2841]
[]
[]
[2842,2842,2842,2842]
[]
[]
[2843,2843,2843,2843]
[]
[]
[2844,2844,2844,2844,2844,2844]
[]
[]
[2845]
[]
[]
[2846,2846,2846,2846,2846]
[]
[2847,2847,2847]
[]
[]
[2848,2848,2848,2848]
[]
[]
[2849,2849,2849]
[]
[]
[2850,2850,2850,2850]
[]
[]
[]
[]
[2851,2851,2851,2851]
[]
[]
[]
[]
[2852,2852,2852,2852,2852,2852]
[]
[]
[]
[]
[]
[2853,2853,2853]
[]
[]
[]
[]
[2854,2854,2854,2854]
[]
[]
[]
[]
[2855,2855,2855]
[]
[]
[]
[]
[2856,2856]
[]
[]
[]
[]
[2857,2857,2857,2857,2857,2857,2857]
[]
[]
[]
[]
[]
[2858]
[]
[]
[]
[]
[2859]
[]
[]
[]
[]
[2860,2860,2860,2860]
[]
[]
[]
[]
[2861,2861,2861,2861,2861,2861,2861]
[]
[]
[]
[]
[]
[2862,2862,2862,2862,2862]
[]
[]
[]
[]
[2863,2863,2863,2863,2863,2863]
[]
[]
[]
[]
[2864,2864,2864,2864,2864]
[]
[]
[]
[]
[2865,2865,2865,2865,2865,2865,2865]
[]
[]
[]
[]
[2866,2866,2866,2866,2866]
[]
[]
[]
[]
[]
[2867,2867,2867,2867,2867,2867]
[]
[]
[]
[]
[2868,2868,2868,2868,2868,2868,2868,2868,2868,2868,2868,2868]
[]
[]
[]
[]
[2869]
[]
[]
[]
[]
[2870,2870,2870,2870,2870,2870,2870,2870,2870]
[]
[]
[]
[]
[2871,2871,2871,2871,2871,2871]
[]
[]
[]
[]
[]
[2872,2872,2872,2872,2872]
[]
[]
[]
[]
[2873,2873,2873,2873,2873,2873,2873,2873]
[]
[]
[]
[]
[2874,2874,2874,2874,2874,2874,2874,2874,2874,2874,2874]
[]
[]
[]
[]
[]
[]
[2875,2875,2875,2875,2875,2875,2875,2875,2875,2875,2875,2875]
[]
[]
[]
[]
[]
[]
[]
[2876,2876,2876,2876,2876,2876,2876]
[]
[]
[]
[]
[]
[]
[2877,2877]
[]
[]
[]
[]
[]
[]
[2878,2878,2878,2878,2878]
[]
[]
[]
[]
[]
[]
[]
[2879,2879]
[]
[]
[]
[]
[]
[]
[2880,2880,2880,2880,2880,2880,2880,2880,2880]
[]
[]
[]
[]
[]
[]
[2881,2881,2881,2881]
[]
[]
[]
[]
[]
[]
[]
[2882,2882,2882,2882,2882,2882,2882]
[]
[]
[]
[]
[]
[]
[2883,2883,2883,2883,2883,2883,2883,2883,2883,2883,2883,2883,2883,2883]
[]
[]
[]
[]
[]
[]
[]
[2884,2884,2884,2884,2884,2884,2884,2884,2884]
[]
[]
[]
[]
[]
[]
[2885,2885,2885,2885,2885,2885,2885]
[]
[]
[]
[]
[]
[]
[2886,2886,2886,2886]
[]
[]
[]
[]
[]
[]
[]
[2887,2887,2887,2887,2887]
[]
[]
[]
[]
[]
[]
[2888,2888,2888,2888,2888,2888,2888]
[]
[]
[]
[]
[]
[]
[2889,2889,2889,2889,2889,2889,2889,2889]
[]
[]
[]
[]
[]
[]
[]
[2890,2890,2890,2890,2890,2890,2890,2890]
[]
[]
[]
[]
[]
[]
[2891,2891,2891,2891,2891,2891,2891,2891,2891,2891,2891,2891,2891]
[]
[]
[]
[]
[]
[]
[2892,2892,2892]
[]
[]
[]
[]
[]
[]
[2893,2893,2893,2893,2893,2893,2893]
[]
[]
[]
[]
[]
[]
[2894,2894,2894,2894,2894,2894,2894]
[]
[]
[]
[]
[]
[]
[2895,2895,2895,2895,2895,2895,2895,2895,2895]
[]
[]
[]
[]
[]
[]
[2896,2896,2896,2896,2896,2896]
[]
[]
[]
[]
[]
[]
[2897,2897,2897,2897,2897,2897,2897,2897,2897,2897,2897,2897,2897]
[]
[]
[]
[]
[]
[]
[2898,2898,2898,2898,2898]
[]
[]
[]
[]
[]
[]
[2899,2899,2899,2899,2899,2899,2899,2899]
[]
[]
[]
[]
[]
[]
[2900,2900,2900,2900,2900,2900,2900,2900,2900,2900]
[]
[]
[]
[]
[]
[]
[]
[]
[]
[2901,2901,2901,2901,2901,2901,2901,2901]
[]
[]
[]
[]
[]
[]
[]
[]
[]
[]
[2902,2902,2902,2902,2902,2902,2902,2902]
[]
[]
[]
[]
[]
[]
[]
[]
[]
[2903,2903,2903,2903,2903,2903,2903,2903,2903,2903,2903]
[]
[]
[]
[]
[]
[]
[]
[2904,2904,2904,2904,2904,2904]
[]
[]
[]
[]
[]
[]
[]
[2905,2905,2905,2905,2905,2905,2905,2905]
[]
[]
[]
[]
[]
[]
[]
[2906,2906,2906,2906,2906,2906,2906]
[]
[]
[]
[2907,2907,2907,2907,2907]
[]
[]
[2908,2908,2908,2908,2908,2908,2908,2908,2908,2908,2908]
[]
[]
[]
[]
[]
[]
[]
[]
[]
[]
[]
[]
[]
[]
[2909,2909,2909,2909,2909,2909,2909,2909,2909]
[]
[]
[]
[]
[]
[]
[]
[2910,2910,2910,2910,2910,2910,2910,2910]
[]
[]
[]
[]
[]
[]
[]
[2911,2911,2911,2911,2911,2911]
[]
[]
[]
[]
[]
[]
[]
[2912,2912,2912,2912,2912]
[]
[]
[]
[]
[]
[]
[]
[2913,2913,2913,2913,2913,2913,2913]
[]
[]
[]
[]
[]
[]
[2914,2914,2914,2914,2914]
[]
[]
[]
[]
[]
[]
[]
[2915,2915,2915,2915,2915,2915,2915,2915,2915,2915,2915,2915]
[]
[]
[]
[]
[]
[2916,2916,2916,2916,2916,2916,2916]
[]
[]
[]
[]
[2917,2917,2917,2917,2917,2917,2917,2917]
[]
[]
[]
[]
[]
[2918,2918]
[]
[]
[]
[]
[]
[2919,2919,2919,2919,2919,2919,2919]
[]
[]
[]
[]
[]
[2920,2920,2920,2920,2920,2920,2920]
[]
[]
[]
[]
[2921,2921,2921,2921,2921,2921,2921,2921,2921,2921,2921]
[]
[]
[]
[]
[]
[2922,2922,2922,2922,2922,2922,2922,2922]
[]
[]
[]
[]
[]
[2923,2923,2923]
[]
[]
[]
[]
[]
[2924,2924]
[]
[]
[]
[]
[2925,2925,2925,2925,2925,2925]
[]
[]
[]
[]
[]
[2926,2926,2926,2926,2926,2926]
[]
[]
[]
[]
[]
[]
[2927,2927,2927,2927,2927,2927,2927]
[]
[]
[]
[]
[]
[2928,2928,2928,2928,2928,2928,2928,2928,2928]
[]
[]
[]
[]
[]
[]
[2929,2929,2929]
[]
[]
[]
[]
[]
[2930,2930,2930,2930,2930,2930,2930,2930,2930,2930,2930,2930,2930,2930,2930,2930,2930]
[]
[]
[]
[]
[]
[]
[2931,2931,2931,2931,2931,2931,2931,2931,2931]
[]
[]
[]
[]
[]
[2932,2932,2932,2932,2932,2932,2932,2932]
[]
[]
[]
[]
[]
[]
[2933,2933,2933,2933,2933,2933,2933,2933,2933]
[]
[]
[]
[]
[]
[]
[2934,2934,2934,2934,2934,2934,2934,2934,2934,2934]
[]
[]
[]
[]
[]
[2935,2935,2935,2935]
[]
[]
[]
[]
[]
[]
[2936,2936,2936]
[]
[]
[]
[]
[]
[2937,2937,2937]
[]
[]
[]
[]
[]
[]
[2938,2938,2938,2938,2938,2938,2938]
[]
[]
[]
[]
[]
[]
[2939,2939,2939,2939,2939,2939]
[]
[]
[]
[]
[]
[2940,2940,2940,2940,2940]
[]
[]
[]
[]
[]
[]
[2941,2941,2941]
[]
[]
[]
[]
[]
[2942,2942,2942,2942,2942,2942,2942,2942]
[]
[]
[]
[]
[]
[]
[]
[]
[]
[]
[]
[]
[2944,2944,2944,2944,2944,2944]
[]
[]
[]
[]
[]
[]
[2945,2945,2945,2945,2945,2945,2945]
[]
[]
[]
[2946,2946,2946]
[]
[]
[]
[]
[2947,2947,2947,2947,2947]
[]
[]
[]
[2948,2948,2948,2948,2948,2948]
[]
[]
[]
[]
[2949,2949,2949,2949,2949,2949,2949,2949]
[]
[]
[]
[2950,2950,2950,2950,2950]
[]
[]
[]
[]
[2951,2951,2951,2951]
[]
[]
[]
[2952,2952]
[]
[]
[]
[]
[2953,2953,2953]
[]
[]
[]
[2954,2954,2954,2954,2954,2954,2954,2954]
[]
[]
[]
[]
[2955,2955,2955,2955,2955,2955]
[]
[]
[]
[2956,2956,2956,2956,2956]
[]
[]
[]
[]
[2957,2957]
[]
[]
[]
[2958,2958,2958,2958,2958,2958]
[]
[]
[]
[]
[2959,2959,2959,2959,2959]
[]
[]
[]
[2960,2960,2960,2960]
[]
[]
[]
[2961,2961,2961,2961,2961]
[]
[]
[]
[]
[2962,2962,2962]
[]
[]
[]
[2963,2963,2963,2963]
[]
[]
[]
[]
[2964,2964]
[]
[]
[]
[2965,2965,2965,2965,2965]
[]
[]
[]
[]
[2966,2966,2966]
[]
[]
[]
[2967,2967,2967]
[]
[]
[]
[]
[2968]
[]
[]
[]
[2969,2969,2969,2969,2969,2969,2969]
[]
[]
[]
[]
[2970,2970,2970,2970]
[]
[]
[]
[2971,2971,2971,2971,2971,2971]
[]
[]
[]
[]
[2972,2972,2972]
[]
[]
[]
[2973,2973,2973,2973,2973]
[]
[]
[2974,2974]
[]
[]
[2975,2975,2975,2975]
[]
[]
[2976,2976,2976,2976,2976]
[]
[]
[2977,2977,2977,2977]
[]
[]
[2978]
[]
[]
[2979,2979,2979,2979]
[]
[]
[2980,2980,2980,2980]
[]
[]
[2981,2981,2981,2981]
[]
[]
[]
[]
[]
[2983]
[]
[]
[2984,2984,2984,2984,2984]
[]
[]
[2985,2985,2985,2985,2985]
[]
[]
[2986,2986]
[]
[]
[2987,2987]
[]
[]
[2988,2988,2988,2988,2988]
[]
[]
[2989,2989,2989]
[]
[]
[2990,2990]
[]
[]
[2991,2991]
[]
[]
[2992,2992]
[]
[]
[2993,2993,2993,2993]
[]
[]
[2994]
[2995]
[]
[]
[2997,2997,2997]
[]
[2998]
[2999]
[]
[3000]
[]
[]
[3002]
[3003,3003,3003,3003]
[]
[3004,3004,3004]
[3005]
[]
[]
[3007,3007]
[]
[3008]
[3009,3009,3009,3009]
[]
[]
[3011,3011]
[]
[3012]
[]
[]
[3014,3014,3014,3014]
[3015,3015,3015]
[3016]
[3017,3017]
[]
[3019,3019]
[3020]
[3021]
[3022,3022]
[]
[]
[3026]
[]
[]
[3029]
[3030]
[]
[3032,3032]
[]
[3036,3036,3037]
[]
[]
[]
[3046,3046]
[]
[3049,3050,3050,3051]
[3054]
[3063]
[]
[3072]
[3079]
[3089]
