Collisions = 480
[]
[]
[]
[]
[]
[]
[]
[]
[]
[]
[]
[]
[]
[]
[]
[]
[]
[]
[]
[]
[]
[]
[]
[]
[]
[]
[]
[]
[]
[]
[]
[]
[]
[]
[]
[]
[]
[]
[]
[]
[]
[]
[]
[]
[]
[]
[]
[]
[]
[]
[]
[]
[]
[]
[]
[]
[]
[]
[]
[]
[]
[]
[]
[]
[]
[]
[]
[]
[]
[]
[]
[]
[]
[]
[]
[-0.75784]
[-0.754072]
[]
[]
[]
[]
[]
[]
[]
[]
[]
[]
[]
[]
[]
[]
[]
[]
[]
[]
[]
[]
[]
[]
[]
[]
[]
[]
[]
[-0.650771]
[]
[]
[]
[]
[]
[]
[]
[]
[-0.619113]
[]
[]
[]
[]
[-0.598119]
[]
[]
[]
[]
[]
[]
[]
[]
[]
[]
[]
[]
[-0.552212]
[]
[]
[]
[]
[]
[-0.528715]
[]
[]
[-0.517653]
[-0.513933]
[-0.511411]
[-0.506812]
[]
[]
[]
[]
[]
[]
[]
[]
[]
[]
[]
[]
[]
[-0.453498]
[]
[-0.447368]
[]
[]
[]
[]
[-0.430043]
[]
[]
[]
[]
[]
[]
[]
[]
[]
[]
[]
[-0.385667]
[-0.379741]
[]
[]
[]
[]
[]
[]
[]
[-0.351606]
[]
[]
[]
[-0.335914]
[]
[-0.328995]
[]
[-0.322534]
[]
[]
[]
[]
[]
[]
[]
[]
[-0.289688]
[]
[]
[]
[-0.273116]
[-0.27059]
[-0.26714]
[]
[]
[]
[]
[-0.247814]
[]
[]
[]
[-0.232788]
[]
[-0.223887]
[-0.222157]
[]
[]
[]
[-0.205945]
[]
[]
[]
[]
[-0.189245]
[]
[]
[]
[]
[-0.1686]
[]
[-0.16285]
[]
[-0.155388]
[-0.151213]
[]
[]
[]
[-0.135346]
[]
[]
[]
[]
[-0.116635]
[-0.113858]
[-0.110123]
[]
[-0.101947,-0.100972]
[-0.10018]
[]
[]
[]
[-0.0827671]
[]
[]
[-0.0715973]
[]
[]
[-0.0611869]
[-0.0583069]
[-0.0550901,-0.0545183]
[-0.0522697,-0.0521805]
[]
[-0.0414845]
[]
[]
[]
[-0.0269578]
[-0.0239897]
[-0.0203092]
[-0.0167675]
[]
[]
[-0.00777897]
[-0.0040619]
[-4.83433e-05,0.00284749]
[]
[]
[0.0143183]
[0.0145972]
[]
[]
[]
[0.0317939]
[0.0346497]
[0.0380279]
[0.0416788]
[0.0456067]
[0.0507908,0.0511469]
[]
[0.056501]
[]
[0.0635591]
[0.068133]
[]
[]
[0.0807411]
[]
[0.0852992,0.0882262,0.0884476]
[]
[]
[]
[]
[]
[0.109941]
[0.113382]
[]
[]
[0.123451]
[0.128217]
[0.129663,0.129819]
[]
[0.138782,0.13913,0.140014]
[0.141385,0.141471,0.141507,0.14276]
[]
[0.149908]
[0.152841,0.153671,0.153712]
[0.158055,0.158725]
[]
[0.164875]
[]
[]
[0.176681]
[0.177556]
[0.182222,0.183546]
[0.185626,0.186736]
[0.189146]
[0.19297,0.195092]
[]
[0.200722,0.201143,0.201769,0.202504]
[]
[]
[0.212391]
[0.214864,0.215352,0.217563,0.218129]
[0.219591,0.219965,0.221195]
[0.225586]
[]
[]
[]
[]
[]
[0.24699,0.247924]
[0.25149]
[0.251754]
[0.256075]
[]
[0.265487,0.266215,0.266489]
[0.269414]
[0.272506,0.273523]
[0.275219]
[0.280064]
[0.283091]
[0.285599]
[]
[0.292896,0.295863]
[]
[0.300156,0.300494,0.302483,0.303635]
[0.304149,0.304624]
[0.307566,0.309148,0.31103]
[0.313692]
[0.318273]
[0.319483]
[0.325915]
[0.327372]
[0.331867]
[0.333474]
[0.337279,0.337299,0.340624]
[0.342622,0.342919,0.343203]
[0.346969,0.347034]
[0.349722]
[0.355125]
[0.358895]
[0.359615]
[0.365249]
[0.366798,0.367058,0.36746,0.367541,0.367924,0.368454,0.369548,0.369697]
[0.373936]
[0.377127]
[0.378136,0.380375]
[]
[0.386042,0.386151]
[0.389986,0.392465]
[0.393248,0.393387,0.394918]
[0.396891,0.399032,0.400061]
[0.401833,0.402444,0.403842]
[0.405749,0.406284,0.406295]
[0.407588,0.408376]
[0.413078,0.413876]
[0.417539]
[]
[0.423735,0.425897]
[0.428391,0.428793]
[]
[0.435606,0.436949]
[]
[0.444045]
[0.446203,0.446792,0.44791,0.448339]
[0.448896,0.451686]
[0.452374,0.454118,0.454555,0.454601]
[0.457008,0.45766,0.458694]
[0.460765]
[0.464301,0.4659]
[0.468962,0.470527]
[]
[0.475604,0.477816]
[]
[0.483103,0.483249]
[0.486592]
[0.489857,0.49064,0.490855]
[0.495245,0.495271,0.49635]
[0.500086]
[0.500581,0.501429,0.501753,0.502356,0.502701]
[0.50446]
[0.509562,0.510186]
[0.513877,0.514573]
[0.516968,0.517097,0.517437]
[0.520197,0.520212,0.521373,0.521766,0.52223]
[0.522869,0.525671]
[0.527748]
[0.533068,0.533563]
[0.53398,0.534056,0.53452]
[0.540017,0.54037]
[0.544073]
[0.546421,0.547172,0.548201,0.548206]
[0.549915,0.55105]
[0.554064]
[]
[0.560658]
[0.564778,0.567068]
[0.568196,0.568361]
[0.571885,0.572398,0.572611,0.574351]
[0.577734]
[]
[0.582249,0.585637]
[0.587825]
[0.590595]
[0.595193]
[0.599891]
[0.602027,0.60229]
[0.604591,0.607632]
[0.608101,0.60838,0.608415,0.609522,0.611558]
[0.613626]
[0.616921]
[0.6207,0.622577]
[0.623443,0.624005,0.626098]
[0.626918,0.628198,0.629189]
[0.630798,0.631074,0.633223,0.633724]
[]
[0.638856]
[0.641871,0.642106,0.642729,0.642899]
[0.645034,0.645142,0.647072,0.64711,0.647539,0.647919]
[0.650165]
[0.653368,0.654845]
[0.658477,0.658945]
[]
[]
[0.667495]
[0.672816,0.67286,0.673978,0.67439,0.67453]
[0.67823]
[0.679136,0.67955,0.679901,0.680399,0.681249,0.681647,0.681781]
[0.685684,0.685786]
[]
[0.689716,0.691246,0.692559]
[0.69323,0.693779,0.694771,0.695622]
[0.699146,0.700387]
[0.701476]
[0.704445,0.705872]
[0.708282,0.709124,0.709366,0.710044]
[0.712742,0.713497,0.713625]
[0.715919,0.716637,0.717146,0.717166,0.717754,0.718767]
[0.720545,0.721275,0.72128,0.722347]
[0.725979,0.726424]
[0.727066]
[0.732876]
[0.734097,0.734574,0.73589]
[0.738158,0.738201,0.739024,0.741051]
[0.744679]
[0.74648]
[0.751209,0.752213]
[0.755257,0.75607]
[0.757479,0.757819,0.758745,0.75991]
[0.760657,0.760813,0.762938]
[0.767368]
[0.769175,0.770667,0.771003]
[0.772974]
[]
[]
[0.782754,0.784807,0.785788]
[0.785985]
[0.790157,0.790532,0.790619,0.791262]
[0.794583,0.795442,0.795924,0.7964,0.797074]
[]
[0.80167,0.802738,0.803946]
[0.806579,0.807675]
[0.808622,0.809793]
[0.812395]
[0.816921,0.818696]
[0.820946,0.822123]
[0.823728,0.824097]
[0.827148,0.828733,0.829059,0.829397]
[0.8326,0.832633]
[0.835174,0.835412,0.837352,0.837532]
[0.837942,0.839328,0.840965]
[0.841729,0.843837]
[0.846299]
[0.849368,0.849715,0.850046,0.851116,0.852477]
[]
[0.856599,0.856762,0.858396,0.858606,0.8597,0.859898]
[0.861139,0.861313,0.861447,0.861877,0.862367]
[0.864592,0.86552,0.866558,0.8667]
[0.869715,0.870464]
[0.871374]
[0.875109,0.877889,0.878105,0.878625]
[0.878998,0.881728]
[0.884878]
[0.887635]
[0.890961,0.892296]
[0.894538,0.895593,0.897152]
[0.898817]
[]
[0.904872,0.905015,0.906996]
[0.909172,0.910207]
[0.913248,0.91454]
[0.916395,0.917026,0.917358,0.918515,0.919232]
[0.922617]
[]
[0.927666,0.927985,0.929333,0.92996]
[0.931088,0.931303,0.932399,0.933442]
[0.934849,0.936521,0.936951]
[0.939529]
[0.943138]
[0.949138]
[0.950279,0.950504,0.951186,0.952721]
[0.952942,0.954641,0.954822,0.955832]
[0.95708,0.957396]
[0.961543,0.962225,0.962676]
[0.96443,0.964937,0.965877,0.966487]
[]
[0.972407]
[0.9753,0.975767]
[0.980057,0.981435]
[0.985385,0.985791]
[0.986453,0.989318]
[0.991152,0.992515,0.993055,0.993573]
[0.994721,0.99544,0.995487,0.996922]
[0.998496]
[1.00122,1.00327]
[1.00536]
[1.01139]
[1.01361,1.01434]
[1.01603,1.0161,1.01661,1.01678,1.01734,1.01754,1.01795,1.01849]
[1.01974,1.01997,1.02009,1.02029,1.02035,1.02049,1.02083,1.02125,1.02139,1.02154]
[1.02375,1.0253,1.02541]
[1.02887,1.03082]
[1.03214]
[1.03559]
[1.03912,1.04001,1.0401]
[1.0425,1.04432]
[1.04615,1.04633,1.04895]
[1.05137,1.05188]
[1.05584,1.0561]
[1.05738,1.05803,1.05835,1.0601]
[1.06089,1.06381]
[1.06543,1.06624]
[1.07069,1.07128]
[]
[1.07599,1.07655,1.07701,1.07723,1.07747,1.07842,1.07888]
[1.07963,1.07985]
[1.08501]
[1.08699,1.08716,1.08994]
[1.09107,1.09221]
[1.0949,1.09671]
[1.09854,1.10028]
[1.10307]
[1.10511,1.10531,1.1081]
[]
[]
[1.11823,1.11947,1.11969]
[1.12078,1.12112,1.12125,1.12253]
[1.12563,1.12617,1.12627]
[1.12957]
[1.13222,1.13371]
[]
[1.14052,1.14082]
[]
[1.14674]
[1.14974,1.15066,1.15077,1.1526]
[1.1534,1.15366,1.15669]
[1.15845]
[1.16088,1.16249,1.16259,1.16376]
[1.16523,1.16578,1.16724,1.16799]
[1.16906,1.17022]
[1.17341,1.17405,1.17436,1.17537]
[1.17639,1.17894]
[1.17993]
[1.18408,1.18439,1.18641]
[1.18809,1.18848]
[1.19251,1.19287,1.19328]
[1.19431]
[1.19912,1.20031,1.2013]
[1.20432,1.2046]
[1.20731]
[1.2118]
[]
[1.21876,1.21929]
[1.22043,1.22318]
[1.22532,1.22543]
[1.22772,1.22961]
[1.23144,1.23264]
[]
[1.24,1.24058]
[1.24314]
[1.24747,1.24828,1.24911]
[1.25038,1.25168,1.25286]
[1.25413,1.25534]
[1.25734,1.25938,1.26037]
[1.26218,1.26252,1.26423,1.26444]
[1.26656,1.26656,1.26752,1.2679,1.26796]
[1.26934,1.27172]
[1.27235,1.2726,1.27374,1.27535]
[1.2766]
[]
[1.2831,1.28364,1.28415,1.28435]
[]
[1.29329]
[1.29461,1.29473,1.29536,1.29685,1.29698,1.29764,1.29786]
[1.29994,1.30089]
[1.3024,1.30479,1.30532]
[1.30555]
[1.31057,1.31189]
[1.31334,1.3142,1.31424,1.31547]
[1.31743,1.31807]
[1.32038,1.32063,1.32171]
[1.32505,1.32605]
[1.32832,1.33028,1.33043]
[1.33151,1.33359]
[1.3369,1.33726]
[1.34096,1.34206]
[1.34331,1.34349]
[1.34679,1.34773]
[1.35052,1.35083]
[]
[1.36003]
[1.36158,1.36449]
[1.36567,1.36646]
[1.36897,1.37204]
[1.37295,1.373,1.3751,1.37546]
[1.37883]
[1.38155,1.38199,1.38216]
[1.38658]
[1.38939]
[]
[1.39509,1.39662,1.39682]
[1.39925,1.40115]
[1.40196,1.40206,1.40272,1.4036,1.40443]
[]
[1.41067,1.4112,1.41132,1.41148]
[1.41583]
[1.4167,1.41878]
[]
[1.42532]
[1.4287]
[1.43431,1.43465,1.43515]
[1.43729]
[1.44023,1.4405]
[1.44377,1.44575]
[1.44681]
[1.45049,1.45083]
[]
[1.46096]
[1.46368,1.46417,1.46431]
[1.46639,1.4685]
[1.47196]
[1.47371]
[1.47881,1.47901]
[1.48249]
[1.48423]
[1.48717,1.48917]
[]
[1.49488,1.49678]
[1.49976]
[1.50533,1.5054]
[1.50731,1.50794]
[1.51137]
[1.5157]
[1.51775]
[]
[]
[1.52814]
[1.53259]
[1.53808,1.5387]
[1.5412]
[1.54314,1.54341,1.5442]
[1.54795,1.54981]
[]
[1.55472]
[]
[1.56339,1.56356,1.56427]
[1.56538,1.56812]
[1.57097]
[]
[1.5764,1.57704,1.57973]
[1.58133]
[1.58484]
[1.59015]
[1.59249]
[1.5961]
[1.60001]
[]
[1.60868]
[]
[1.61467]
[1.61901]
[1.62125]
[]
[1.62963,1.63162]
[1.63216,1.63496]
[1.63583]
[1.64014,1.64135]
[1.64345]
[1.6497,1.65017]
[1.6525,1.65274,1.65285]
[1.65435]
[1.65843]
[]
[1.66686]
[1.66918,1.67032]
[1.6745]
[1.67827]
[1.68158,1.68245]
[1.68423,1.68587]
[1.68894,1.68931]
[]
[1.69554,1.69669]
[1.7,1.70211]
[]
[1.70914]
[]
[1.71509]
[1.71971,1.7205]
[]
[]
[1.72876,1.73106]
[1.73238]
[1.73692]
[1.74172]
[1.74413]
[1.74942,1.75038]
[]
[1.75702]
[1.76103]
[1.76444,1.76466,1.76504,1.76533]
[1.76837]
[]
[]
[1.77711,1.77811]
[1.78081,1.7819,1.78301]
[1.78617]
[1.7878,1.78917]
[1.79189]
[]
[]
[1.80284,1.80555,1.8057]
[1.80654,1.80683,1.80766]
[1.8113,1.81194]
[1.81473]
[1.81773]
[]
[]
[]
[1.83278]
[1.83691,1.83743]
[1.84161]
[1.84364,1.84584]
[]
[]
[1.85658,1.85762]
[]
[1.86267]
[1.86637]
[]
[]
[1.87931]
[1.88329]
[1.88674]
[1.8899]
[]
[1.89792]
[]
[1.90366]
[]
[]
[1.91577]
[]
[1.92223,1.92285]
[]
[]
[]
[1.9375]
[]
[1.94455]
[]
[1.95252]
[]
[]
[]
[1.9681]
[1.96961,1.97106]
[]
[]
[1.98239]
[]
[1.98962,1.99088]
[]
[]
[]
[2.00297]
[]
[2.01325]
[]
[2.0189,2.02133]
[]
[2.02593]
[2.02975]
[]
[]
[2.04141]
[]
[]
[]
[]
[]
[2.06542]
[]
[]
[2.07484]
[2.07789,2.07803]
[]
[]
[2.09128]
[2.09548]
[2.09681]
[]
[]
[]
[2.11302]
[]
[]
[]
[]
[2.13176]
[]
[2.13971]
[2.14073]
[]
[]
[2.15362]
[2.15716]
[]
[]
[2.16813]
[2.16986]
[]
[]
[2.18261]
[2.18559]
[]
[]
[2.19599,2.19621]
[2.1999]
[]
[2.2094]
[]
[2.21779]
[]
[]
[]
[]
[]
[]
[]
[]
[]
[]
[2.25622]
[]
[]
[]
[]
[]
[2.2778]
[]
[2.288]
[]
[2.29398,2.2951]
[]
[]
[]
[]
[]
[]
[2.31944]
[2.32487]
[2.32587]
[]
[]
[]
[]
[]
[]
[]
[]
[]
[]
[]
[2.37047]
[]
[]
[]
[]
[]
[]
[]
[]
[]
[2.41026]
[]
[]
[]
[]
[]
[]
[2.43428,2.43622]
[]
[]
[]
[]
[]
[]
[]
[]
[]
[]
[2.47611]
[]
[]
[]
[]
[]
[]
[]
[]
[]
[]
[]
[]
[]
[]
[]
[]
[]
[]
[]
[]
[]
[]
[]
[]
[]
[]
[]
[]
[]
[]
[]
[]
[]
[]
[]
[]
[]
[]
[2.62127]
[]
[]
[]
[]
[]
[]
[]
[]
[]
[]
[]
[2.66502]
