Collisions = 365
364.192]
[]
[400.435,402.718]
[451.957]
[]
[606.757]
[632.213,637.233]
[654.063]
[673.754,677.568]
[]
[717.843]
[]
[744.539,752.952,760.169]
[]
[792.504,796.938]
[]
[826.885]
[]
[880.822]
[]
[909.41]
[928.396,928.842]
[948.475]
[972.999]
[]
[1008.6,1020.05]
[]
[]
[]
[1091.03,1092.84,1093.39]
[1113.79,1118,1121.08]
[]
[1179.5]
[1204.91,1214.38]
[1241.44]
[]
[1281.79,1304.82]
[1310.97,1315.63]
[]
[1382.42,1384.12]
[1413.06,1422.45,1424.38]
[1431.49,1447.77]
[1469.06]
[1496.31]
[1517.81,1527.78,1533.28]
[]
[1586.64]
[]
[]
[]
[]
[]
[1749.71,1752.78]
[]
[1818.17,1823.78,1833.73]
[]
[1866.33,1869.38]
[1917.29]
[]
[]
[1989.86]
[2025.82,2033.83]
[2054.03]
[]
[]
[2098.94]
[2118.5,2118.81]
[]
[]
[2183.42]
[2197.29]
[2221.49]
[]
[2256.18]
[2266.94,2274.71,2279.57]
[2303.09]
[2304.24]
[]
[]
[2363.23,2370.15]
[]
[]
[]
[2449.53,2455.04]
[2462.89]
[2478.33,2484.55,2492.51,2493.33,2495.07]
[]
[2526.65,2527.2]
[2550.73]
[]
[2580.16]
[2595.97,2603.29]
[]
[]
[2659.5,2664.8]
[2673.06,2686.14]
[2705.63]
[2710.3,2721.88]
[2738.14,2744.26]
[2754.03]
[2779.75]
[]
[2808.55,2813.07]
[2831.57]
[2845.62]
[2872.57]
[]
[]
[]
[]
[2957.13,2966.47]
[2978.33]
[3010.36,3012.93,3013.5]
[3026.61]
[]
[3066.59]
[3073.4]
[3101.37]
[3115.82,3118.19,3118.43]
[]
[]
[]
[3191.14,3191.96]
[3210.28]
[3234.82,3240.17]
[3258.67]
[3291.08]
[]
[3323.73,3324.34]
[]
[3378.54]
[3409.36,3409.7]
[]
[]
[3481.68,3484.95]
[3508.75]
[3531.56]
[3545.02,3555.59]
[3572.81,3575.42,3576.47,3581.22]
[]
[3617.88]
[3646.59,3651.2,3657.78]
[3667.03]
[3694.4,3703.8]
[3721.69]
[3733.92]
[3758.66]
[3782.68,3786.51,3788.24,3794.75]
[3819.41,3822.42,3825.87,3827.01]
[]
[3872.62]
[3898.61]
[3922.37]
[3945.16]
[]
[]
[4005.29,4020.57]
[4039.35]
[4050.73,4062.52,4063.82,4068.94]
[4080.83,4093.2]
[4110.22]
[]
[]
[4185.44,4185.9]
[4196.27]
[4216.69]
[]
[4272.85]
[4303.24]
[]
[4348.21,4357.32]
[4363.71]
[4394.47,4399.86]
[]
[]
[]
[4495.33]
[4509.6,4525.69]
[]
[4561.84,4573.13]
[4582.09,4582.95]
[4610.13,4617.62]
[]
[4662.37]
[4686.47]
[]
[4744.42]
[4749.05]
[4787.16]
[]
[4821.72]
[4869.82]
[]
[4908.81]
[4930.91]
[4966.82]
[]
[4992.77,5002.75]
[]
[]
[]
[5100.03]
[]
[5151.66,5157.79]
[5160.89,5164.55,5168.02,5177.28]
[5191.69,5204.31]
[5223.47]
[]
[]
[]
[5307.15]
[]
[]
[5396.6,5397.28]
[5408.63,5424.34]
[]
[]
[5478.14]
[5502.56,5513.63]
[]
[5552.31]
[5591.45,5593.86]
[]
[5635.68]
[]
[5671.61,5677.88]
[]
[5719.48,5741.21]
[]
[5777.26]
[5796.23]
[5827.26]
[5846.56]
[]
[]
[]
[5953.53]
[5968.78,5984.4]
[5989.17]
[]
[]
[]
[]
[6113.75,6127.41]
[6143.94,6150.51]
[6161.56,6177.68]
[]
[6207.57]
[]
[6255.4,6263.05,6263.48]
[]
[6306.43,6317.99]
[6342.38]
[]
[6367.29]
[]
[6415.19,6422.42]
[6443.06,6459.23]
[]
[6483.19,6494.15,6498.22]
[]
[6548.11]
[6569.05]
[6585.04,6589.19]
[]
[]
[6659.44]
[]
[6692.39,6700.78]
[]
[]
[6768.88]
[6784.49]
[6824.27]
[]
[6864.17]
[6881.81]
[6904.15]
[]
[]
[6976.28]
[7001.55,7002.95]
[]
[7044.96]
[7068.22,7071.57]
[7092.44]
[]
[7135.85,7139.08,7149.97]
[7161.54]
[]
[]
[7239.73]
[7262.43,7265.08]
[]
[7313.99]
[7335.97]
[7340.09,7353.97]
[7382.72]
[]
[7414.82]
[7435.98,7451.36]
[]
[7483.02,7488.69,7492.84]
[7508.5,7513.45]
[7538.54]
[]
[7585.64]
[7614.42]
[7634.17,7638.27]
[]
[7665.77,7666.86,7680.12,7681.96]
[]
[]
[]
[7771,7771.7]
[]
[7809.92,7812.61,7820.93]
[]
[7850.27,7859.36,7861.18]
[]
[7909.88]
[7918.63,7921.65,7933.36]
[7954.15]
[7966.19]
[7991.63]
[]
[8046.05]
[8056.39]
[8080.26,8097.26,8097.54,8099.87]
[]
[]
[8157.01]
[8175.13]
[8207.92]
[8227.69,8237.07]
[8256.12,8257.99]
[8270.95]
[8294.69,8302.39]
[8329.91]
[8339.98]
[8378.19]
[8385.55,8394.88]
[]
[8434.81]
[]
[8480.88]
[]
[8522.96,8531.61,8533.37]
[]
[8583.68]
[8601.47]
[8620.46]
[]
[]
[]
[]
[8725.54,8732.12]
[8757.96]
[8776.48]
[]
[8837.29]
[8854.83]
[8864.54,8883.45,8886.49]
[]
[8932.95]
[8945.04]
[8961.06,8975.68]
[]
[9021.18]
[9045.95]
[9068.34]
[]
[9103.46,9111.34]
[9137.27]
[9152.65]
[9170.16,9174.39]
[]
[9212.77,9225.24]
[]
[]
[9286.66]
[9307.69]
[9339.76]
[9353.15]
[]
[9398.4,9410.67]
[9425.12]
[]
[9474.36]
[9493.96,9495.43]
[9510.27,9511.48]
[]
[9567.63]
[9586.66]
[9617.7]
[9619.99,9620.86,9625.09]
[9653.04]
[]
[]
[]
[9738.57]
[9764.9]
[9788.34,9800.4,9800.57]
[9814.13]
[9833.28,9834.59,9840.32]
[]
[9871.7]
[9906.69,9906.84,9910.34]
[9921.11]
[9955.96]
[]
[9987.44]
[10006.4,10014.5]
[10032.1,10050.1]
[10062.8]
[10087.6]
[10100.4,10104.6]
[10126.8]
[]
[]
[]
[10224.4,10228.1]
[]
[10257.4]
[10286.3,10289.9]
[10307.1]
[]
[10358.3]
[]
[10405.4]
[10417.2,10419.5]
[10443.1,10451.9,10452.2]
[]
[]
[10526.3]
[]
[]
[10585.2,10588.1]
[]
[10638.6]
[]
[10683.2,10688.6]
[10695.2]
[]
[10749.1]
[]
[10805,10812.1]
[10817.8,10829.6]
[]
[10887.8]
[10898.8,10908.2,10909.6]
[]
[]
[10962.5,10967]
[]
[11010.1]
[]
[11060.3,11062.7]
[11084.6]
[11107.4]
[11135.6]
[11165.2,11177.3]
[]
[]
[11234.3,11240.3]
[]
[]
[11307.4,11307.8,11311.1,11319.4]
[11337.7,11339.1]
[11355.3]
[]
[11399.2,11410]
[11416.3,11426]
[11445.5]
[]
[11492.3,11494.2]
[]
[]
[11555.2]
[]
[11604.3]
[11620.4,11632.7]
[]
[11672.8,11679.4]
[11692.5]
[11709.8]
[]
[]
[11770.6,11771.2]
[11787.5]
[11798.2]
[11823.7]
[11839.7,11841.2,11845]
[11859]
[]
[11874.1]
[11889.4]
[11914.8,11918.3]
[]
[11953.7,11961.4]
[11970]
[]
[12038.8]
[]
[12095.9]
[12133.8]
[12154.8,12158.2]
[12175.4,12183.5,12186.3,12192.7]
[]
[]
[12272.9,12274.8]
[]
[12348.1]
[]
[12414.4]
[12428.3]
[12447.2,12455.2,12459.1,12464]
[12475.5]
[]
[]
[]
[12566.7]
[]
[12608.7,12615.3]
[12637.8]
[]
[12671.4,12673.6]
[12702,12703.6]
[12712]
[]
[12760.8,12761.5]
[12778.3]
[12805.5]
[]
[]
[]
[]
[12925.5,12930.1,12935.5]
[12952.4]
[12976.5]
[13012.7]
[13032.4]
[13041.4,13056.7,13059.3]
[]
[13096.7,13105.9]
[13111.1,13123.5,13127.4]
[13135.5]
[]
[13187]
[13215.4,13225.9]
[]
[]
[13288.6,13301.6]
[13324.5]
[]
[13359.6]
[]
[13410.1]
[13445.1]
[]
[13478.2,13485.7]
[13506,13517]
[13534.1]
[]
[]
[13594.1]
[13627.8]
[13638.1]
[]
[13701]
[]
[13736,13741.7,13744]
[]
[13783.6,13791,13799.7]
[13828]
[13846.2,13849.6]
[]
[]
[13909.1,13913.9,13918.4]
[13937.4,13937.8]
[13952.2]
[]
[]
[]
[14051,14051.7,14054,14066.8]
[14069.9,14088.5]
[14097.9,14104.5]
[14140.4]
[]
[14186.7,14188.8]
[14212.4]
[]
[]
[14262.5,14263.4,14268,14272.3]
[14296.4,14296.8]
[14318.7]
[14340.2]
[14362.6,14367.7,14376.4]
[]
[]
[14432.7,14443.7]
[]
[14488.4]
[14508.4,14519.8]
[]
[14564.7]
[14579.1]
[14615.1]
[]
[14663.3]
[14674.5]
[14705.6]
[]
[]
[]
[]
[]
[14841.4]
[14874.9]
[]
[14911.3]
[]
[14972.7]
[14980.8,14987.2,14994.7]
[15016.2]
[15041]
[]
[]
[15106.5]
[15125.6,15126.2]
[15141.8]
[]
[]
[15208]
[15240.3]
[15243]
[]
[15300.4]
[]
[]
[15352.7,15366,15370.6]
[15380.1,15386.3]
[15405.8]
[]
[]
[15475.4]
[15488.6,15490.5,15495.2]
[]
[]
[15548.9,15550.4]
[15580.5]
[15595.8,15601.2,15604.7,15608.5]
[]
[]
[]
[15680,15685.7]
[]
[]
[15739.8]
[15776.5]
[]
[15810.3,15815.5]
[]
[]
[]
[15903.3]
[]
[15941.3,15944.5,15949.6]
[]
[15980.5]
[16003.9,16006.7,16012.1]
[16035.7]
[16043,16043.6,16058]
[16062.9]
[16086.5]
[]
[16127.3,16145.4]
[]
[]
[16198.3]
[]
[16241.6]
[16257.6,16261.8]
[16281.1,16295.2,16295.5]
[16319.6]
[16325.9,16334.3]
[]
[16371]
[]
[]
[]
[16453.9,16462.9,16466.7]
[16484.8]
[16500.1,16508.3,16509.6]
[16518.3,16530.3]
[16553.4]
[16569.2,16577.6]
[]
[16608]
[16626.3,16635.1,16636.7]
[16648]
[]
[16702,16708.7]
[]
[16739.6,16741,16744.5,16747.2]
[]
[16779.3,16779.5]
[16797]
[16819]
[]
[]
[]
[16909.3]
[]
[16956.9,16962.4]
[16977.8,16979.7,16982.6]
[]
[17019.5]
[]
[]
[17081.5,17097.2]
[17099.2,17110.1,17117]
[17124.6]
[]
[]
[]
[17214.2,17224.9]
[17227.4,17238.9,17240.2]
[]
[]
[]
[]
[17353.1]
[17365.9]
[17388.6]
[17415.7]
[]
[]
[17468.5,17477.3]
[17492.5]
[17511.1,17512.1,17516.5,17516.5]
[]
[]
[17588.3]
[17600.5]
[17619.9,17622.1,17623]
[17643.9]
[17663.3]
[]
[17707,17710.4,17712.7]
[17735.3]
[17748.3,17751.3]
[17779.2]
[17791.8]
[17816,17823]
[]
[]
[17881.4]
[17897.2]
[]
[17926]
[]
[17971.8,17972,17973.2]
[]
[18021.4]
[18027.4,18032.9]
[18054.9]
[18069.2,18081.2]
[18101.8]
[18115.6,18125.6]
[]
[18159.8,18164.9,18167.3]
[18171.4,18186.9]
[18196.7,18199.7,18200.9]
[]
[18248.7]
[]
[18275.5]
[]
[18324.9]
[18330.2,18338.9]
[18370.1]
[]
[18394.7,18402.7]
[18414.2,18414.7]
[18431.8]
[]
[18485.7]
[18508]
[18512.4,18519.6,18530.4]
[18541.8,18551.5]
[18559.4]
[]
[18611.7]
[18622.9]
[18640.8]
[]
[18686]
[]
[]
[18748.5]
[]
[]
[18815.1]
[]
[18853.4]
[18865.1,18875]
[18876.9,18895.2]
[18911.3]
[18925.7]
[]
[18966.6,18970.3]
[]
[19010.9]
[19030.5,19034.8]
[19045.9]
[]
[]
[]
[19135.4]
[]
[]
[]
[]
[19221.3,19224]
[19244.1]
[]
[]
[]
[19328.6,19330.8]
[19341.4]
[19367.7]
[19385.5,19396]
[19420]
[19429.2]
[19442.5]
[]
[19487.1,19488.6,19494.1,19496.8,19502.1]
[19513.1]
[19536.6]
[19548.4]
[]
[19586.8]
[19622.6]
[19627.5]
[]
[]
[]
[19706.4,19721.2,19724.4]
[]
[19759.3]
[19775.1]
[19794.3,19799.3]
[19810]
[]
[19861.4]
[19881.9]
[19892.6,19904.4]
[19924.3]
[19940.9]
[19953.9,19959.7]
[19985.8]
[20002.5,20004.9]
[20016.4]
[20033.4,20036.4]
[]
[]
[20109.5]
[20125.2,20130.1]
[]
[20153.3,20165.6]
[20177.3]
[20191.4,20196.8,20205,20210.6]
[]
[20241.5,20244.8]
[20261.8]
[20293.9]
[20298.8,20307.5]
[20334.6]
[20353.4]
[20372.1,20377.5,20384.9]
[20392.6]
[20413.3,20427.3]
[20434.2]
[20454.4]
[]
[20503.8]
[]
[20561.5,20565.5]
[20577]
[20589.8,20609.7]
[20629.3]
[]
[]
[]
[20704.1]
[20723]
[20757.8,20759.3]
[]
[20793]
[]
[20841.4]
[20865.1,20866.5]
[20886.1]
[]
[20940.2]
[20947.4,20947.7,20949.1]
[20982.2]
[21003.5]
[21022.1]
[21041.3]
[21078.1]
[21088.1,21095.3]
[21107.4,21109.7]
[]
[]
[21187.3]
[21194.4]
[]
[]
[]
[21286.3,21289.7,21301.7]
[]
[21338.6]
[21363,21370.2]
[21390.4]
[21394.1,21402.8]
[]
[]
[21474.4,21475.7]
[]
[]
[21539.9,21545.4]
[]
[]
[21598.9,21601.9]
[21630]
[21650.3]
[21670.6,21674.1]
[21692.3]
[21726.1,21729.4]
[]
[]
[21808.3]
[21829.7]
[21847.9,21849,21865.6]
[21872.5]
[]
[21930.1]
[]
[21977.2,21979.8,21997.4]
[]
[]
[22069.8]
[22087.9]
[]
[22142.2]
[]
[22178.9]
[22207.6,22221.3,22228.1]
[22230.5,22236.7]
[22267.9]
[22290.2,22291.8,22304]
[]
[22337.6]
[]
[22409.6]
[]
[22448.5]
[]
[22492.9,22495.6,22506]
[]
[22553.4,22558.2]
[22593.4]
[]
[]
[22657.2]
[22687.4]
[22719.6,22721.5,22725]
[]
[]
[22797.4]
[22834.1]
[22839.3,22859.9]
[22878.7,22881.2]
[22888.4,22905.3]
[]
[22927.1]
[22952.3]
[22968.8,22972.4]
[]
[]
[23030.1,23034.8]
[23074.4,23078.3]
[]
[]
[23168.9]
[23189.9]
[23207]
